100;0;2542;2641
100;1;2268;2367
100;2;2242;2341
100;3;2384;2483
100;4;2461;2560
100;5;2500;2599
100;6;2438;2537
100;7;2277;2376
100;8;2482;2581
100;9;2463;2562
100;10;2590;2689
100;11;2264;2363
100;12;2603;2702
100;13;2594;2693
100;14;2477;2576
100;15;2464;2563
100;16;2152;2251
100;17;2767;2866
100;18;2424;2523
100;19;2538;2637
100;20;2457;2556
100;21;2563;2662
100;22;2223;2322
100;23;2266;2365
100;24;2338;2437
100;25;2256;2355
100;26;2657;2756
100;27;2387;2486
100;28;2460;2559
100;29;2716;2815
100;30;2636;2735
100;31;2654;2753
100;32;2480;2579
100;33;2511;2610
100;34;2280;2379
100;35;2505;2604
100;36;2612;2711
100;37;2731;2830
100;38;2187;2286
100;39;2365;2464
100;40;2399;2498
100;41;2276;2375
100;42;2708;2807
100;43;2481;2580
100;44;2763;2862
100;45;2080;2179
100;46;2383;2482
100;47;2158;2257
100;48;2705;2804
100;49;2517;2616
200;0;9836;10035
200;1;9401;9600
200;2;9765;9964
200;3;9811;10010
200;4;10148;10347
200;5;10028;10227
200;6;10482;10681
200;7;10382;10581
200;8;10198;10397
200;9;9664;9863
200;10;10074;10273
200;11;9698;9897
200;12;9251;9450
200;13;10766;10965
200;14;9426;9625
200;15;9475;9674
200;16;10396;10595
200;17;10686;10885
200;18;9664;9863
200;19;9652;9851
200;20;10094;10293
200;21;10262;10461
200;22;9529;9728
200;23;9226;9425
200;24;11018;11217
200;25;10053;10252
200;26;10248;10447
200;27;10012;10211
200;28;10011;10210
200;29;9498;9697
200;30;9615;9814
200;31;11155;11354
200;32;10615;10814
200;33;10997;11196
200;34;9215;9414
200;35;10239;10438
200;36;9698;9897
200;37;10320;10519
200;38;10045;10244
200;39;9591;9790
200;40;9566;9765
200;41;9516;9715
200;42;9438;9637
200;43;10802;11001
200;44;9705;9904
200;45;9675;9874
200;46;9238;9437
200;47;10207;10406
200;48;10188;10387
200;49;9985;10184
300;0;22054;22353
300;1;22439;22738
300;2;23361;23660
300;3;21306;21605
300;4;23230;23529
300;5;20912;21211
300;6;20852;21151
300;7;22286;22585
300;8;22355;22654
300;9;21659;21958
300;10;21254;21553
300;11;21653;21952
300;12;23408;23707
300;13;21752;22051
300;14;23356;23655
300;15;21752;22051
300;16;23015;23314
300;17;22141;22440
300;18;23308;23607
300;19;22288;22587
300;20;21520;21819
300;21;23778;24077
300;22;21290;21589
300;23;22486;22785
300;24;21754;22053
300;25;21738;22037
300;26;22444;22743
300;27;22987;23286
300;28;21349;21648
300;29;22169;22468
300;30;21796;22095
300;31;22070;22369
300;32;23329;23628
300;33;19659;19958
300;34;21353;21652
300;35;23219;23518
300;36;22965;23264
300;37;21551;21850
300;38;23008;23307
300;39;23565;23864
300;40;22226;22525
300;41;21667;21966
300;42;22274;22573
300;43;22278;22577
300;44;23159;23458
300;45;22709;23008
300;46;22952;23251
300;47;21099;21398
300;48;22083;22382
300;49;23360;23659
400;0;38288;38687
400;1;38312;38711
400;2;39021;39420
400;3;40924;41323
400;4;38736;39135
400;5;37356;37755
400;6;40981;41380
400;7;40155;40554
400;8;40057;40456
400;9;40447;40846
400;10;42063;42462
400;11;40609;41008
400;12;39785;40184
400;13;40568;40967
400;14;39095;39494
400;15;40825;41224
400;16;40630;41029
400;17;38127;38526
400;18;39466;39865
400;19;40141;40540
400;20;39335;39734
400;21;38384;38783
400;22;43098;43497
400;23;40161;40560
400;24;41649;42048
400;25;40084;40483
400;26;40344;40743
400;27;40954;41353
400;28;39428;39827
400;29;40579;40978
400;30;38169;38568
400;31;39265;39664
400;32;40658;41057
400;33;37738;38137
400;34;41195;41594
400;35;40523;40922
400;36;38880;39279
400;37;37790;38189
400;38;39439;39838
400;39;41559;41958
400;40;41524;41923
400;41;40024;40423
400;42;38644;39043
400;43;40938;41337
400;44;38970;39369
400;45;40064;40463
400;46;41821;42220
400;47;40494;40893
400;48;40071;40470
400;49;39046;39445
500;0;61273;61772
500;1;60878;61377
500;2;61726;62225
500;3;61925;62424
500;4;62400;62899
500;5;59508;60007
500;6;61407;61906
500;7;64925;65424
500;8;64000;64499
500;9;63343;63842
500;10;60179;60678
500;11;60402;60901
500;12;60737;61236
500;13;59554;60053
500;14;61615;62114
500;15;63499;63998
500;16;65428;65927
500;17;64607;65106
500;18;65985;66484
500;19;64601;65100
500;20;63246;63745
500;21;61966;62465
500;22;60680;61179
500;23;61153;61652
500;24;63697;64196
500;25;63585;64084
500;26;62931;63430
500;27;61356;61855
500;28;63537;64036
500;29;62051;62550
500;30;64270;64769
500;31;62537;63036
500;32;59162;59661
500;33;61297;61796
500;34;62016;62515
500;35;64111;64610
500;36;64538;65037
500;37;63804;64303
500;38;62629;63128
500;39;59846;60345
500;40;65620;66119
500;41;62705;63204
500;42;60408;60907
500;43;63295;63794
500;44;60201;60700
500;45;60574;61073
500;46;62572;63071
500;47;62067;62566
500;48;62997;63496
500;49;62421;62920
600;0;79369;79968
600;1;88942;89541
600;2;88408;89007
600;3;93267;93866
600;4;87219;87818
600;5;93432;94031
600;6;89003;89602
600;7;92582;93181
600;8;91935;92534
600;9;90242;90841
600;10;92024;92623
600;11;89273;89872
600;12;91151;91750
600;13;91248;91847
600;14;90756;91355
600;15;83654;84253
600;16;91755;92354
600;17;88966;89565
600;18;89021;89620
600;19;91002;91601
600;20;86667;87266
600;21;87459;88058
600;22;92047;92646
600;23;92476;93075
600;24;90364;90963
600;25;87186;87785
600;26;89523;90122
600;27;89035;89634
600;28;87578;88177
600;29;90301;90900
600;30;90661;91260
600;31;91001;91600
600;32;92847;93446
600;33;83871;84470
600;34;89201;89800
600;35;88403;89002
600;36;85390;85989
600;37;89416;90015
600;38;82501;83100
600;39;90113;90712
600;40;92470;93069
600;41;85085;85684
600;42;89691;90290
600;43;93733;94332
600;44;87784;88383
600;45;88085;88684
600;46;87997;88596
600;47;90019;90618
600;48;88270;88869
600;49;84777;85376
700;0;125526;126225
700;1;121546;122245
700;2;121097;121796
700;3;117382;118081
700;4;124292;124991
700;5;120935;121634
700;6;118615;119314
700;7;118142;118841
700;8;123055;123754
700;9;121626;122325
700;10;123408;124107
700;11;118726;119425
700;12;121703;122402
700;13;120020;120719
700;14;121295;121994
700;15;118649;119348
700;16;124546;125245
700;17;121262;121961
700;18;118671;119370
700;19;121686;122385
700;20;124862;125561
700;21;124289;124988
700;22;120450;121149
700;23;122074;122773
700;24;122454;123153
700;25;124910;125609
700;26;113437;114136
700;27;123646;124345
700;28;123724;124423
700;29;120290;120989
700;30;122677;123376
700;31;130202;130901
700;32;125051;125750
700;33;123333;124032
700;34;125884;126583
700;35;122454;123153
700;36;121039;121738
700;37;121362;122061
700;38;118729;119428
700;39;121599;122298
700;40;126669;127368
700;41;120131;120830
700;42;122656;123355
700;43;122977;123676
700;44;120543;121242
700;45;119433;120132
700;46;120218;120917
700;47;120307;121006
700;48;121206;121905
700;49;124257;124956
800;0;157050;157849
800;1;157592;158391
800;2;162550;163349
800;3;158051;158850
800;4;158705;159504
800;5;156372;157171
800;6;160505;161304
800;7;158356;159155
800;8;159802;160601
800;9;156217;157016
800;10;159388;160187
800;11;164534;165333
800;12;159847;160646
800;13;167038;167837
800;14;164544;165343
800;15;157020;157819
800;16;157727;158526
800;17;158738;159537
800;18;155177;155976
800;19;163640;164439
800;20;156642;157441
800;21;159876;160675
800;22;163033;163832
800;23;158455;159254
800;24;166405;167204
800;25;160410;161209
800;26;161641;162440
800;27;158836;159635
800;28;164520;165319
800;29;155126;155925
800;30;160282;161081
800;31;159489;160288
800;32;161957;162756
800;33;165847;166646
800;34;152396;153195
800;35;154568;155367
800;36;162082;162881
800;37;158248;159047
800;38;156819;157618
800;39;156692;157491
800;40;155751;156550
800;41;160291;161090
800;42;150454;151253
800;43;154198;154997
800;44;156496;157295
800;45;154099;154898
800;46;160034;160833
800;47;162034;162833
800;48;155526;156325
800;49;161705;162504
900;0;211183;212082
900;1;197718;198617
900;2;199719;200618
900;3;205769;206668
900;4;197432;198331
900;5;196949;197848
900;6;191895;192794
900;7;203524;204423
900;8;198029;198928
900;9;203708;204607
900;10;205834;206733
900;11;203217;204116
900;12;196173;197072
900;13;200740;201639
900;14;207784;208683
900;15;196855;197754
900;16;209992;210891
900;17;205378;206277
900;18;202069;202968
900;19;201044;201943
900;20;200710;201609
900;21;196393;197292
900;22;199377;200276
900;23;199373;200272
900;24;201663;202562
900;25;209694;210593
900;26;207093;207992
900;27;200394;201293
900;28;205387;206286
900;29;203483;204382
900;30;202623;203522
900;31;208385;209284
900;32;202376;203275
900;33;204747;205646
900;34;204120;205019
900;35;197489;198388
900;36;206256;207155
900;37;207304;208203
900;38;204068;204967
900;39;203841;204740
900;40;201943;202842
900;41;197657;198556
900;42;204502;205401
900;43;207720;208619
900;44;204533;205432
900;45;200650;201549
900;46;200213;201112
900;47;206364;207263
900;48;208800;209699
900;49;202481;203380
1000;0;256678;257677
1000;1;249346;250345
1000;2;254295;255294
1000;3;240534;241533
1000;4;253108;254107
1000;5;252672;253671
1000;6;248066;249065
1000;7;249595;250594
1000;8;244693;245692
1000;9;251418;252417
1000;10;241589;242588
1000;11;243293;244292
1000;12;247810;248809
1000;13;240515;241514
1000;14;251984;252983
1000;15;248568;249567
1000;16;249198;250197
1000;17;258690;259689
1000;18;249872;250871
1000;19;263586;264585
1000;20;250810;251809
1000;21;256490;257489
1000;22;245078;246077
1000;23;254529;255528
1000;24;249889;250888
1000;25;239831;240830
1000;26;258404;259403
1000;27;238762;239761
1000;28;246093;247092
1000;29;251989;252988
1000;30;246682;247681
1000;31;244221;245220
1000;32;250683;251682
1000;33;251639;252638
1000;34;254832;255831
1000;35;259075;260074
1000;36;247101;248100
1000;37;248232;249231
1000;38;247241;248240
1000;39;250225;251224
1000;40;248919;249918
1000;41;247984;248983
1000;42;240485;241484
1000;43;254529;255528
1000;44;246570;247569
1000;45;251848;252847
1000;46;249089;250088
1000;47;256412;257411
1000;48;255351;256350
1000;49;237833;238832
1100;0;305565;306664
1100;1;299440;300539
1100;2;304089;305188
1100;3;305172;306271
1100;4;316077;317176
1100;5;304427;305526
1100;6;298877;299976
1100;7;300744;301843
1100;8;320638;321737
1100;9;309112;310211
1100;10;296755;297854
1100;11;298177;299276
1100;12;304173;305272
1100;13;312020;313119
1100;14;293079;294178
1100;15;307929;309028
1100;16;306562;307661
1100;17;293982;295081
1100;18;307924;309023
1100;19;303440;304539
1100;20;308390;309489
1100;21;300591;301690
1100;22;307463;308562
1100;23;303179;304278
1100;24;309480;310579
1100;25;308245;309344
1100;26;304036;305135
1100;27;300464;301563
1100;28;293449;294548
1100;29;303788;304887
1100;30;299742;300841
1100;31;307211;308310
1100;32;296861;297960
1100;33;308265;309364
1100;34;296626;297725
1100;35;305559;306658
1100;36;300448;301547
1100;37;302848;303947
1100;38;301332;302431
1100;39;304812;305911
1100;40;304617;305716
1100;41;303821;304920
1100;42;293905;295004
1100;43;296761;297860
1100;44;301723;302822
1100;45;299133;300232
1100;46;306658;307757
1100;47;298209;299308
1100;48;304563;305662
1100;49;302290;303389
1200;0;363607;364806
1200;1;367090;368289
1200;2;366708;367907
1200;3;368548;369747
1200;4;367255;368454
1200;5;362901;364100
1200;6;355202;356401
1200;7;368543;369742
1200;8;360184;361383
1200;9;359575;360774
1200;10;357081;358280
1200;11;352975;354174
1200;12;362431;363630
1200;13;360692;361891
1200;14;363012;364211
1200;15;356531;357730
1200;16;349870;351069
1200;17;345541;346740
1200;18;363759;364958
1200;19;364557;365756
1200;20;368725;369924
1200;21;355253;356452
1200;22;352779;353978
1200;23;364748;365947
1200;24;366738;367937
1200;25;360554;361753
1200;26;364670;365869
1200;27;355061;356260
1200;28;358995;360194
1200;29;361384;362583
1200;30;352973;354172
1200;31;345251;346450
1200;32;371507;372706
1200;33;350100;351299
1200;34;364275;365474
1200;35;361719;362918
1200;36;366719;367918
1200;37;355459;356658
1200;38;348691;349890
1200;39;367363;368562
1200;40;356215;357414
1200;41;353490;354689
1200;42;366002;367201
1200;43;365169;366368
1200;44;362803;364002
1200;45;345667;346866
1200;46;353196;354395
1200;47;362001;363200
1200;48;368269;369468
1200;49;360194;361393
1300;0;426068;427367
1300;1;432596;433895
1300;2;418871;420170
1300;3;424721;426020
1300;4;409583;410882
1300;5;432368;433667
1300;6;421926;423225
1300;7;414661;415960
1300;8;421705;423004
1300;9;417694;418993
1300;10;428611;429910
1300;11;405423;406722
1300;12;417000;418299
1300;13;427349;428648
1300;14;417129;418428
1300;15;424276;425575
1300;16;427248;428547
1300;17;424219;425518
1300;18;419001;420300
1300;19;416157;417456
1300;20;417525;418824
1300;21;427392;428691
1300;22;419544;420843
1300;23;427442;428741
1300;24;432873;434172
1300;25;421425;422724
1300;26;414829;416128
1300;27;437368;438667
1300;28;416816;418115
1300;29;437004;438303
1300;30;423194;424493
1300;31;425407;426706
1300;32;421954;423253
1300;33;414346;415645
1300;34;418765;420064
1300;35;413117;414416
1300;36;439395;440694
1300;37;417298;418597
1300;38;430529;431828
1300;39;437182;438481
1300;40;425287;426586
1300;41;430167;431466
1300;42;433497;434796
1300;43;436623;437922
1300;44;427098;428397
1300;45;416813;418112
1300;46;424671;425970
1300;47;424504;425803
1300;48;434474;435773
1300;49;409751;411050
1400;0;489194;490593
1400;1;480463;481862
1400;2;497546;498945
1400;3;496686;498085
1400;4;498670;500069
1400;5;493644;495043
1400;6;484758;486157
1400;7;503815;505214
1400;8;494594;495993
1400;9;479908;481307
1400;10;487765;489164
1400;11;491384;492783
1400;12;477646;479045
1400;13;483339;484738
1400;14;480999;482398
1400;15;495223;496622
1400;16;498509;499908
1400;17;482163;483562
1400;18;494846;496245
1400;19;484861;486260
1400;20;507552;508951
1400;21;485146;486545
1400;22;484577;485976
1400;23;497885;499284
1400;24;481786;483185
1400;25;488208;489607
1400;26;487655;489054
1400;27;486521;487920
1400;28;491697;493096
1400;29;477288;478687
1400;30;494323;495722
1400;31;487795;489194
1400;32;480935;482334
1400;33;498662;500061
1400;34;489992;491391
1400;35;496647;498046
1400;36;484910;486309
1400;37;495449;496848
1400;38;513234;514633
1400;39;489201;490600
1400;40;496014;497413
1400;41;499219;500618
1400;42;493415;494814
1400;43;491891;493290
1400;44;489472;490871
1400;45;474224;475623
1400;46;476782;478181
1400;47;492413;493812
1400;48;498577;499976
1400;49;463763;465162
1500;0;550168;551667
1500;1;558630;560129
1500;2;562783;564282
1500;3;549773;551272
1500;4;558706;560205
1500;5;567808;569307
1500;6;551102;552601
1500;7;568410;569909
1500;8;563483;564982
1500;9;558119;559618
1500;10;540724;542223
1500;11;559652;561151
1500;12;571848;573347
1500;13;560334;561833
1500;14;568790;570289
1500;15;566093;567592
1500;16;551865;553364
1500;17;572213;573712
1500;18;568520;570019
1500;19;566973;568472
1500;20;570394;571893
1500;21;559917;561416
1500;22;580486;581985
1500;23;560938;562437
1500;24;564569;566068
1500;25;568754;570253
1500;26;561030;562529
1500;27;571306;572805
1500;28;550338;551837
1500;29;578406;579905
1500;30;555227;556726
1500;31;566284;567783
1500;32;570036;571535
1500;33;549007;550506
1500;34;563896;565395
1500;35;556093;557592
1500;36;553389;554888
1500;37;565139;566638
1500;38;570105;571604
1500;39;570682;572181
1500;40;568839;570338
1500;41;556659;558158
1500;42;582627;584126
1500;43;554404;555903
1500;44;562389;563888
1500;45;574600;576099
1500;46;546888;548387
1500;47;559630;561129
1500;48;578591;580090
1500;49;579628;581127
1600;0;621843;623442
1600;1;632872;634471
1600;2;640723;642322
1600;3;637002;638601
1600;4;644577;646176
1600;5;671994;673593
1600;6;635264;636863
1600;7;640063;641662
1600;8;639931;641530
1600;9;634630;636229
1600;10;635948;637547
1600;11;628887;630486
1600;12;632984;634583
1600;13;631989;633588
1600;14;652635;654234
1600;15;637865;639464
1600;16;659054;660653
1600;17;627242;628841
1600;18;653816;655415
1600;19;638466;640065
1600;20;649976;651575
1600;21;640718;642317
1600;22;649214;650813
1600;23;637796;639395
1600;24;633595;635194
1600;25;643518;645117
1600;26;635914;637513
1600;27;628370;629969
1600;28;661987;663586
1600;29;639299;640898
1600;30;649543;651142
1600;31;651832;653431
1600;32;636615;638214
1600;33;637561;639160
1600;34;643325;644924
1600;35;647948;649547
1600;36;631683;633282
1600;37;634485;636084
1600;38;638180;639779
1600;39;636460;638059
1600;40;635873;637472
1600;41;644145;645744
1600;42;626720;628319
1600;43;624465;626064
1600;44;629965;631564
1600;45;653195;654794
1600;46;632924;634523
1600;47;640731;642330
1600;48;646109;647708
1600;49;632729;634328
1700;0;720997;722696
1700;1;733661;735360
1700;2;735431;737130
1700;3;729512;731211
1700;4;736890;738589
1700;5;711136;712835
1700;6;723360;725059
1700;7;722054;723753
1700;8;725092;726791
1700;9;718288;719987
1700;10;714817;716516
1700;11;725312;727011
1700;12;716300;717999
1700;13;701322;703021
1700;14;718142;719841
1700;15;712643;714342
1700;16;712605;714304
1700;17;706305;708004
1700;18;713030;714729
1700;19;738055;739754
1700;20;734489;736188
1700;21;725607;727306
1700;22;717863;719562
1700;23;728982;730681
1700;24;724301;726000
1700;25;704181;705880
1700;26;717943;719642
1700;27;732602;734301
1700;28;731731;733430
1700;29;736505;738204
1700;30;723519;725218
1700;31;710332;712031
1700;32;711205;712904
1700;33;725268;726967
1700;34;701341;703040
1700;35;714595;716294
1700;36;718439;720138
1700;37;737824;739523
1700;38;717956;719655
1700;39;702441;704140
1700;40;713195;714894
1700;41;724529;726228
1700;42;706077;707776
1700;43;716352;718051
1700;44;723036;724735
1700;45;740351;742050
1700;46;688708;690407
1700;47;713140;714839
1700;48;726380;728079
1700;49;722100;723799
1800;0;797255;799054
1800;1;793294;795093
1800;2;831578;833377
1800;3;801472;803271
1800;4;812467;814266
1800;5;782942;784741
1800;6;824697;826496
1800;7;786748;788547
1800;8;807985;809784
1800;9;821919;823718
1800;10;814414;816213
1800;11;807561;809360
1800;12;807675;809474
1800;13;807092;808891
1800;14;812937;814736
1800;15;820206;822005
1800;16;821421;823220
1800;17;809110;810909
1800;18;799593;801392
1800;19;819810;821609
1800;20;814194;815993
1800;21;808041;809840
1800;22;810355;812154
1800;23;805934;807733
1800;24;780041;781840
1800;25;797856;799655
1800;26;807590;809389
1800;27;818679;820478
1800;28;807216;809015
1800;29;807902;809701
1800;30;818244;820043
1800;31;811761;813560
1800;32;806075;807874
1800;33;807282;809081
1800;34;811096;812895
1800;35;807258;809057
1800;36;795697;797496
1800;37;821611;823410
1800;38;810525;812324
1800;39;791227;793026
1800;40;818180;819979
1800;41;789565;791364
1800;42;808080;809879
1800;43;835070;836869
1800;44;814016;815815
1800;45;817897;819696
1800;46;783757;785556
1800;47;794853;796652
1800;48;816442;818241
1800;49;802889;804688
1900;0;902161;904060
1900;1;905199;907098
1900;2;909589;911488
1900;3;871602;873501
1900;4;887435;889334
1900;5;914264;916163
1900;6;896701;898600
1900;7;905781;907680
1900;8;910846;912745
1900;9;919128;921027
1900;10;917264;919163
1900;11;886224;888123
1900;12;907026;908925
1900;13;894238;896137
1900;14;911537;913436
1900;15;900085;901984
1900;16;897898;899797
1900;17;918617;920516
1900;18;927222;929121
1900;19;899417;901316
1900;20;906228;908127
1900;21;892397;894296
1900;22;938059;939958
1900;23;910110;912009
1900;24;897000;898899
1900;25;915095;916994
1900;26;919260;921159
1900;27;912337;914236
1900;28;909101;911000
1900;29;895893;897792
1900;30;915394;917293
1900;31;909845;911744
1900;32;895294;897193
1900;33;873541;875440
1900;34;911065;912964
1900;35;879349;881248
1900;36;891939;893838
1900;37;914805;916704
1900;38;903963;905862
1900;39;891233;893132
1900;40;911990;913889
1900;41;885556;887455
1900;42;914732;916631
1900;43;913887;915786
1900;44;923255;925154
1900;45;877293;879192
1900;46;881259;883158
1900;47;892229;894128
1900;48;899743;901642
1900;49;877240;879139
2000;0;1013602;1015601
2000;1;1014526;1016525
2000;2;993822;995821
2000;3;1004027;1006026
2000;4;1008222;1010221
2000;5;998037;1000036
2000;6;997446;999445
2000;7;998274;1000273
2000;8;999862;1001861
2000;9;1022072;1024071
2000;10;996582;998581
2000;11;997545;999544
2000;12;1007207;1009206
2000;13;1018748;1020747
2000;14;991354;993353
2000;15;991746;993745
2000;16;998830;1000829
2000;17;1008668;1010667
2000;18;1022283;1024282
2000;19;1010782;1012781
2000;20;1025402;1027401
2000;21;1011966;1013965
2000;22;987577;989576
2000;23;1002172;1004171
2000;24;1028811;1030810
2000;25;987016;989015
2000;26;1016224;1018223
2000;27;995362;997361
2000;28;987378;989377
2000;29;1005019;1007018
2000;30;979667;981666
2000;31;1008456;1010455
2000;32;1004041;1006040
2000;33;1003630;1005629
2000;34;997196;999195
2000;35;993594;995593
2000;36;1000352;1002351
2000;37;975501;977500
2000;38;994875;996874
2000;39;993846;995845
2000;40;1005176;1007175
2000;41;987120;989119
2000;42;962328;964327
2000;43;970416;972415
2000;44;1009291;1011290
2000;45;1005002;1007001
2000;46;984866;986865
2000;47;998757;1000756
2000;48;1007296;1009295
2000;49;1018397;1020396
2100;0;1066587;1068686
2100;1;1117587;1119686
2100;2;1111853;1113952
2100;3;1089016;1091115
2100;4;1100941;1103040
2100;5;1119398;1121497
2100;6;1083727;1085826
2100;7;1120403;1122502
2100;8;1087058;1089157
2100;9;1087151;1089250
2100;10;1106751;1108850
2100;11;1094433;1096532
2100;12;1118558;1120657
2100;13;1116135;1118234
2100;14;1127343;1129442
2100;15;1089579;1091678
2100;16;1106842;1108941
2100;17;1103654;1105753
2100;18;1095389;1097488
2100;19;1111479;1113578
2100;20;1115083;1117182
2100;21;1120674;1122773
2100;22;1125074;1127173
2100;23;1114046;1116145
2100;24;1096190;1098289
2100;25;1105135;1107234
2100;26;1090452;1092551
2100;27;1155980;1158079
2100;28;1125517;1127616
2100;29;1110229;1112328
2100;30;1076602;1078701
2100;31;1065628;1067727
2100;32;1073833;1075932
2100;33;1115645;1117744
2100;34;1090610;1092709
2100;35;1104434;1106533
2100;36;1077825;1079924
2100;37;1094856;1096955
2100;38;1124435;1126534
2100;39;1096804;1098903
2100;40;1107170;1109269
2100;41;1110963;1113062
2100;42;1104288;1106387
2100;43;1111502;1113601
2100;44;1101552;1103651
2100;45;1086351;1088450
2100;46;1130823;1132922
2100;47;1080645;1082744
2100;48;1089920;1092019
2100;49;1095288;1097387
2200;0;1212644;1214843
2200;1;1240882;1243081
2200;2;1230312;1232511
2200;3;1166395;1168594
2200;4;1215434;1217633
2200;5;1211036;1213235
2200;6;1245446;1247645
2200;7;1202171;1204370
2200;8;1239396;1241595
2200;9;1217819;1220018
2200;10;1194349;1196548
2200;11;1212989;1215188
2200;12;1196176;1198375
2200;13;1227090;1229289
2200;14;1197580;1199779
2200;15;1202211;1204410
2200;16;1208368;1210567
2200;17;1201001;1203200
2200;18;1212923;1215122
2200;19;1194900;1197099
2200;20;1211220;1213419
2200;21;1220424;1222623
2200;22;1187883;1190082
2200;23;1190578;1192777
2200;24;1205086;1207285
2200;25;1194403;1196602
2200;26;1211902;1214101
2200;27;1248802;1251001
2200;28;1222875;1225074
2200;29;1219902;1222101
2200;30;1204134;1206333
2200;31;1167485;1169684
2200;32;1192636;1194835
2200;33;1210077;1212276
2200;34;1220314;1222513
2200;35;1238572;1240771
2200;36;1227426;1229625
2200;37;1186718;1188917
2200;38;1173993;1176192
2200;39;1189356;1191555
2200;40;1222557;1224756
2200;41;1219657;1221856
2200;42;1190178;1192377
2200;43;1206717;1208916
2200;44;1206626;1208825
2200;45;1202209;1204408
2200;46;1231907;1234106
2200;47;1198718;1200917
2200;48;1213793;1215992
2200;49;1236999;1239198
2300;0;1342213;1344512
2300;1;1330552;1332851
2300;2;1336773;1339072
2300;3;1297180;1299479
2300;4;1321038;1323337
2300;5;1332967;1335266
2300;6;1307333;1309632
2300;7;1327076;1329375
2300;8;1358315;1360614
2300;9;1323218;1325517
2300;10;1306747;1309046
2300;11;1360891;1363190
2300;12;1300644;1302943
2300;13;1307503;1309802
2300;14;1307429;1309728
2300;15;1304181;1306480
2300;16;1332732;1335031
2300;17;1316690;1318989
2300;18;1314180;1316479
2300;19;1326339;1328638
2300;20;1337778;1340077
2300;21;1297950;1300249
2300;22;1300651;1302950
2300;23;1332752;1335051
2300;24;1288948;1291247
2300;25;1304192;1306491
2300;26;1319492;1321791
2300;27;1304759;1307058
2300;28;1328259;1330558
2300;29;1337365;1339664
2300;30;1321994;1324293
2300;31;1309323;1311622
2300;32;1333861;1336160
2300;33;1294265;1296564
2300;34;1296712;1299011
2300;35;1348755;1351054
2300;36;1301151;1303450
2300;37;1328550;1330849
2300;38;1327762;1330061
2300;39;1330361;1332660
2300;40;1322154;1324453
2300;41;1330710;1333009
2300;42;1315478;1317777
2300;43;1298748;1301047
2300;44;1324948;1327247
2300;45;1331561;1333860
2300;46;1312450;1314749
2300;47;1304096;1306395
2300;48;1333303;1335602
2300;49;1311707;1314006
2400;0;1434057;1436456
2400;1;1413453;1415852
2400;2;1431519;1433918
2400;3;1445955;1448354
2400;4;1435865;1438264
2400;5;1400454;1402853
2400;6;1395572;1397971
2400;7;1450504;1452903
2400;8;1434217;1436616
2400;9;1441094;1443493
2400;10;1473113;1475512
2400;11;1416800;1419199
2400;12;1466302;1468701
2400;13;1392884;1395283
2400;14;1441521;1443920
2400;15;1430249;1432648
2400;16;1477594;1479993
2400;17;1439918;1442317
2400;18;1419313;1421712
2400;19;1428107;1430506
2400;20;1396110;1398509
2400;21;1441220;1443619
2400;22;1442078;1444477
2400;23;1420974;1423373
2400;24;1424936;1427335
2400;25;1426456;1428855
2400;26;1474019;1476418
2400;27;1417763;1420162
2400;28;1478525;1480924
2400;29;1454844;1457243
2400;30;1421429;1423828
2400;31;1457204;1459603
2400;32;1456666;1459065
2400;33;1448634;1451033
2400;34;1455497;1457896
2400;35;1402815;1405214
2400;36;1430822;1433221
2400;37;1432238;1434637
2400;38;1459361;1461760
2400;39;1446152;1448551
2400;40;1453591;1455990
2400;41;1436539;1438938
2400;42;1421141;1423540
2400;43;1462550;1464949
2400;44;1427658;1430057
2400;45;1449786;1452185
2400;46;1440410;1442809
2400;47;1466087;1468486
2400;48;1390001;1392400
2400;49;1417723;1420122
2500;0;1553533;1556032
2500;1;1568997;1571496
2500;2;1542082;1544581
2500;3;1555797;1558296
2500;4;1567872;1570371
2500;5;1583223;1585722
2500;6;1572282;1574781
2500;7;1587432;1589931
2500;8;1548433;1550932
2500;9;1567854;1570353
2500;10;1561948;1564447
2500;11;1589764;1592263
2500;12;1505385;1507884
2500;13;1574445;1576944
2500;14;1567815;1570314
2500;15;1531064;1533563
2500;16;1546455;1548954
2500;17;1536444;1538943
2500;18;1601611;1604110
2500;19;1558674;1561173
2500;20;1578756;1581255
2500;21;1578863;1581362
2500;22;1559382;1561881
2500;23;1542630;1545129
2500;24;1551124;1553623
2500;25;1556275;1558774
2500;26;1580912;1583411
2500;27;1568281;1570780
2500;28;1601240;1603739
2500;29;1533594;1536093
2500;30;1555445;1557944
2500;31;1532372;1534871
2500;32;1575229;1577728
2500;33;1582424;1584923
2500;34;1584577;1587076
2500;35;1557992;1560491
2500;36;1564620;1567119
2500;37;1541207;1543706
2500;38;1587596;1590095
2500;39;1599756;1602255
2500;40;1559946;1562445
2500;41;1582038;1584537
2500;42;1560503;1563002
2500;43;1556978;1559477
2500;44;1556093;1558592
2500;45;1583758;1586257
2500;46;1574013;1576512
2500;47;1586480;1588979
2500;48;1548167;1550666
2500;49;1562265;1564764
2600;0;1682431;1685030
2600;1;1711609;1714208
2600;2;1672377;1674976
2600;3;1683099;1685698
2600;4;1714317;1716916
2600;5;1734444;1737043
2600;6;1685761;1688360
2600;7;1713894;1716493
2600;8;1695836;1698435
2600;9;1677728;1680327
2600;10;1679564;1682163
2600;11;1688263;1690862
2600;12;1703738;1706337
2600;13;1689921;1692520
2600;14;1651189;1653788
2600;15;1706828;1709427
2600;16;1685172;1687771
2600;17;1684116;1686715
2600;18;1685483;1688082
2600;19;1696064;1698663
2600;20;1670983;1673582
2600;21;1679199;1681798
2600;22;1708728;1711327
2600;23;1685697;1688296
2600;24;1626780;1629379
2600;25;1689468;1692067
2600;26;1672401;1675000
2600;27;1664291;1666890
2600;28;1720790;1723389
2600;29;1711703;1714302
2600;30;1690796;1693395
2600;31;1690522;1693121
2600;32;1690039;1692638
2600;33;1760777;1763376
2600;34;1671191;1673790
2600;35;1711584;1714183
2600;36;1667374;1669973
2600;37;1703201;1705800
2600;38;1719321;1721920
2600;39;1664123;1666722
2600;40;1701595;1704194
2600;41;1724536;1727135
2600;42;1726480;1729079
2600;43;1728367;1730966
2600;44;1732913;1735512
2600;45;1698861;1701460
2600;46;1705315;1707914
2600;47;1650838;1653437
2600;48;1695471;1698070
2600;49;1707434;1710033
2700;0;1799464;1802163
2700;1;1848172;1850871
2700;2;1816274;1818973
2700;3;1830402;1833101
2700;4;1807498;1810197
2700;5;1857111;1859810
2700;6;1858960;1861659
2700;7;1807193;1809892
2700;8;1824526;1827225
2700;9;1791083;1793782
2700;10;1799821;1802520
2700;11;1779091;1781790
2700;12;1789608;1792307
2700;13;1821191;1823890
2700;14;1831565;1834264
2700;15;1869972;1872671
2700;16;1851047;1853746
2700;17;1791269;1793968
2700;18;1772439;1775138
2700;19;1838842;1841541
2700;20;1798725;1801424
2700;21;1839698;1842397
2700;22;1818389;1821088
2700;23;1841698;1844397
2700;24;1848407;1851106
2700;25;1823557;1826256
2700;26;1786729;1789428
2700;27;1828913;1831612
2700;28;1780236;1782935
2700;29;1808491;1811190
2700;30;1821382;1824081
2700;31;1814344;1817043
2700;32;1803806;1806505
2700;33;1801012;1803711
2700;34;1821505;1824204
2700;35;1840339;1843038
2700;36;1834662;1837361
2700;37;1803124;1805823
2700;38;1815213;1817912
2700;39;1806863;1809562
2700;40;1792941;1795640
2700;41;1793312;1796011
2700;42;1818013;1820712
2700;43;1805795;1808494
2700;44;1816365;1819064
2700;45;1852838;1855537
2700;46;1816797;1819496
2700;47;1808074;1810773
2700;48;1790655;1793354
2700;49;1844093;1846792
2800;0;1995675;1998474
2800;1;1976894;1979693
2800;2;1968015;1970814
2800;3;1953706;1956505
2800;4;1958591;1961390
2800;5;2014743;2017542
2800;6;2016566;2019365
2800;7;1982053;1984852
2800;8;1924625;1927424
2800;9;1937185;1939984
2800;10;1956461;1959260
2800;11;1935502;1938301
2800;12;1959851;1962650
2800;13;1920593;1923392
2800;14;1981164;1983963
2800;15;1961801;1964600
2800;16;1951322;1954121
2800;17;1968071;1970870
2800;18;1951892;1954691
2800;19;1956638;1959437
2800;20;1957128;1959927
2800;21;1964681;1967480
2800;22;1957055;1959854
2800;23;1960806;1963605
2800;24;1949091;1951890
2800;25;1950076;1952875
2800;26;1958778;1961577
2800;27;1963012;1965811
2800;28;2000491;2003290
2800;29;1901947;1904746
2800;30;1934792;1937591
2800;31;1960064;1962863
2800;32;1989345;1992144
2800;33;1945343;1948142
2800;34;1984172;1986971
2800;35;1940188;1942987
2800;36;1974918;1977717
2800;37;1977564;1980363
2800;38;1957018;1959817
2800;39;1951446;1954245
2800;40;1936269;1939068
2800;41;1955472;1958271
2800;42;1982735;1985534
2800;43;1959273;1962072
2800;44;1965262;1968061
2800;45;1957211;1960010
2800;46;1924160;1926959
2800;47;1965968;1968767
2800;48;1982292;1985091
2800;49;1930886;1933685
2900;0;2073698;2076597
2900;1;2099227;2102126
2900;2;2109888;2112787
2900;3;2105180;2108079
2900;4;2130473;2133372
2900;5;2083051;2085950
2900;6;2093951;2096850
2900;7;2082275;2085174
2900;8;2081806;2084705
2900;9;2103860;2106759
2900;10;2106335;2109234
2900;11;2108898;2111797
2900;12;2080031;2082930
2900;13;2108508;2111407
2900;14;2102933;2105832
2900;15;2053983;2056882
2900;16;2131038;2133937
2900;17;2049652;2052551
2900;18;2089900;2092799
2900;19;2086829;2089728
2900;20;2091540;2094439
2900;21;2133418;2136317
2900;22;2084193;2087092
2900;23;2067628;2070527
2900;24;2162467;2165366
2900;25;2120728;2123627
2900;26;2109953;2112852
2900;27;2082788;2085687
2900;28;2156934;2159833
2900;29;2078030;2080929
2900;30;2115115;2118014
2900;31;2110479;2113378
2900;32;2140802;2143701
2900;33;2085820;2088719
2900;34;2024548;2027447
2900;35;2045722;2048621
2900;36;2173614;2176513
2900;37;2111353;2114252
2900;38;2096059;2098958
2900;39;2121459;2124358
2900;40;2119200;2122099
2900;41;2092490;2095389
2900;42;2087745;2090644
2900;43;2080774;2083673
2900;44;2107995;2110894
2900;45;2095360;2098259
2900;46;2083529;2086428
2900;47;2111064;2113963
2900;48;2120358;2123257
2900;49;2105742;2108641
3000;0;2253242;2256241
3000;1;2253497;2256496
3000;2;2202563;2205562
3000;3;2264341;2267340
3000;4;2183558;2186557
3000;5;2198834;2201833
3000;6;2242611;2245610
3000;7;2219000;2221999
3000;8;2277920;2280919
3000;9;2272847;2275846
3000;10;2251013;2254012
3000;11;2259033;2262032
3000;12;2233904;2236903
3000;13;2257797;2260796
3000;14;2287831;2290830
3000;15;2250363;2253362
3000;16;2290599;2293598
3000;17;2266219;2269218
3000;18;2255759;2258758
3000;19;2249109;2252108
3000;20;2272324;2275323
3000;21;2215073;2218072
3000;22;2266287;2269286
3000;23;2261077;2264076
3000;24;2205711;2208710
3000;25;2293824;2296823
3000;26;2270309;2273308
3000;27;2281713;2284712
3000;28;2226955;2229954
3000;29;2251172;2254171
3000;30;2222592;2225591
3000;31;2284505;2287504
3000;32;2272642;2275641
3000;33;2244190;2247189
3000;34;2212853;2215852
3000;35;2231333;2234332
3000;36;2212081;2215080
3000;37;2164360;2167359
3000;38;2266614;2269613
3000;39;2233362;2236361
3000;40;2254032;2257031
3000;41;2288158;2291157
3000;42;2248679;2251678
3000;43;2280422;2283421
3000;44;2287940;2290939
3000;45;2268950;2271949
3000;46;2219538;2222537
3000;47;2268722;2271721
3000;48;2210761;2213760
3000;49;2236744;2239743
3100;0;2419445;2422544
3100;1;2423177;2426276
3100;2;2403723;2406822
3100;3;2363808;2366907
3100;4;2461201;2464300
3100;5;2343724;2346823
3100;6;2388118;2391217
3100;7;2401434;2404533
3100;8;2403848;2406947
3100;9;2453658;2456757
3100;10;2381230;2384329
3100;11;2423002;2426101
3100;12;2364125;2367224
3100;13;2402900;2405999
3100;14;2404657;2407756
3100;15;2409702;2412801
3100;16;2405355;2408454
3100;17;2378871;2381970
3100;18;2382449;2385548
3100;19;2362649;2365748
3100;20;2415253;2418352
3100;21;2411604;2414703
3100;22;2369168;2372267
3100;23;2366710;2369809
3100;24;2406237;2409336
3100;25;2395590;2398689
3100;26;2325676;2328775
3100;27;2452847;2455946
3100;28;2385978;2389077
3100;29;2411428;2414527
3100;30;2415540;2418639
3100;31;2376264;2379363
3100;32;2450262;2453361
3100;33;2406551;2409650
3100;34;2422475;2425574
3100;35;2421110;2424209
3100;36;2397478;2400577
3100;37;2395449;2398548
3100;38;2384535;2387634
3100;39;2408243;2411342
3100;40;2443489;2446588
3100;41;2428126;2431225
3100;42;2417715;2420814
3100;43;2408333;2411432
3100;44;2408664;2411763
3100;45;2372910;2376009
3100;46;2433520;2436619
3100;47;2405089;2408188
3100;48;2383443;2386542
3100;49;2407296;2410395
3200;0;2551660;2554859
3200;1;2559286;2562485
3200;2;2549068;2552267
3200;3;2517142;2520341
3200;4;2564488;2567687
3200;5;2572888;2576087
3200;6;2560041;2563240
3200;7;2587072;2590271
3200;8;2574640;2577839
3200;9;2521559;2524758
3200;10;2508663;2511862
3200;11;2618945;2622144
3200;12;2601333;2604532
3200;13;2576762;2579961
3200;14;2520819;2524018
3200;15;2563543;2566742
3200;16;2531382;2534581
3200;17;2533972;2537171
3200;18;2627994;2631193
3200;19;2569336;2572535
3200;20;2586542;2589741
3200;21;2562243;2565442
3200;22;2559643;2562842
3200;23;2521501;2524700
3200;24;2569837;2573036
3200;25;2535315;2538514
3200;26;2534039;2537238
3200;27;2531627;2534826
3200;28;2596423;2599622
3200;29;2644323;2647522
3200;30;2557275;2560474
3200;31;2558220;2561419
3200;32;2540198;2543397
3200;33;2591736;2594935
3200;34;2570557;2573756
3200;35;2531559;2534758
3200;36;2581896;2585095
3200;37;2516567;2519766
3200;38;2600102;2603301
3200;39;2545371;2548570
3200;40;2539533;2542732
3200;41;2568262;2571461
3200;42;2592220;2595419
3200;43;2527301;2530500
3200;44;2586069;2589268
3200;45;2535498;2538697
3200;46;2599538;2602737
3200;47;2585038;2588237
3200;48;2537020;2540219
3200;49;2617630;2620829
3300;0;2723997;2727296
3300;1;2741194;2744493
3300;2;2755413;2758712
3300;3;2687923;2691222
3300;4;2722218;2725517
3300;5;2723879;2727178
3300;6;2717235;2720534
3300;7;2694995;2698294
3300;8;2710939;2714238
3300;9;2690065;2693364
3300;10;2704763;2708062
3300;11;2735498;2738797
3300;12;2759889;2763188
3300;13;2717858;2721157
3300;14;2728337;2731636
3300;15;2733479;2736778
3300;16;2724449;2727748
3300;17;2702346;2705645
3300;18;2667578;2670877
3300;19;2785623;2788922
3300;20;2745304;2748603
3300;21;2775545;2778844
3300;22;2609451;2612750
3300;23;2756622;2759921
3300;24;2705221;2708520
3300;25;2656599;2659898
3300;26;2730454;2733753
3300;27;2743119;2746418
3300;28;2666486;2669785
3300;29;2725204;2728503
3300;30;2794522;2797821
3300;31;2679972;2683271
3300;32;2731666;2734965
3300;33;2726740;2730039
3300;34;2716001;2719300
3300;35;2719621;2722920
3300;36;2689366;2692665
3300;37;2736226;2739525
3300;38;2724152;2727451
3300;39;2754499;2757798
3300;40;2728630;2731929
3300;41;2690656;2693955
3300;42;2675772;2679071
3300;43;2683564;2686863
3300;44;2730550;2733849
3300;45;2664839;2668138
3300;46;2712336;2715635
3300;47;2688608;2691907
3300;48;2714900;2718199
3300;49;2650819;2654118
3400;0;2864553;2867952
3400;1;2910652;2914051
3400;2;2835747;2839146
3400;3;2827340;2830739
3400;4;2888891;2892290
3400;5;2925942;2929341
3400;6;2871667;2875066
3400;7;2868895;2872294
3400;8;2921019;2924418
3400;9;2852629;2856028
3400;10;2896960;2900359
3400;11;2909316;2912715
3400;12;2858893;2862292
3400;13;2913409;2916808
3400;14;2894850;2898249
3400;15;2830475;2833874
3400;16;2937475;2940874
3400;17;2830993;2834392
3400;18;2882646;2886045
3400;19;2860452;2863851
3400;20;2949240;2952639
3400;21;2883152;2886551
3400;22;2902753;2906152
3400;23;2911109;2914508
3400;24;2915385;2918784
3400;25;2831062;2834461
3400;26;2837410;2840809
3400;27;2902548;2905947
3400;28;2839135;2842534
3400;29;2906573;2909972
3400;30;2840202;2843601
3400;31;2847785;2851184
3400;32;2875661;2879060
3400;33;2872798;2876197
3400;34;2915210;2918609
3400;35;2891268;2894667
3400;36;2840189;2843588
3400;37;2927719;2931118
3400;38;2904810;2908209
3400;39;2908060;2911459
3400;40;2867455;2870854
3400;41;2919867;2923266
3400;42;2893856;2897255
3400;43;2865595;2868994
3400;44;2857069;2860468
3400;45;2912232;2915631
3400;46;2888106;2891505
3400;47;2915633;2919032
3400;48;2843928;2847327
3400;49;2924832;2928231
3500;0;3040105;3043604
3500;1;3093499;3096998
3500;2;3069414;3072913
3500;3;3048439;3051938
3500;4;3057036;3060535
3500;5;3156640;3160139
3500;6;2993816;2997315
3500;7;3041312;3044811
3500;8;3028766;3032265
3500;9;3036910;3040409
3500;10;3015267;3018766
3500;11;3136668;3140167
3500;12;3092594;3096093
3500;13;3039409;3042908
3500;14;3086023;3089522
3500;15;3106167;3109666
3500;16;3035809;3039308
3500;17;3047217;3050716
3500;18;3091601;3095100
3500;19;3086821;3090320
3500;20;3093724;3097223
3500;21;3060856;3064355
3500;22;3027768;3031267
3500;23;3044121;3047620
3500;24;3067292;3070791
3500;25;3052890;3056389
3500;26;3028252;3031751
3500;27;3056364;3059863
3500;28;3034578;3038077
3500;29;3056565;3060064
3500;30;3050759;3054258
3500;31;3115368;3118867
3500;32;3028327;3031826
3500;33;3023429;3026928
3500;34;3034205;3037704
3500;35;3087342;3090841
3500;36;3003761;3007260
3500;37;3041691;3045190
3500;38;3096381;3099880
3500;39;3072084;3075583
3500;40;3057790;3061289
3500;41;3053092;3056591
3500;42;3022763;3026262
3500;43;3028254;3031753
3500;44;3018404;3021903
3500;45;3109544;3113043
3500;46;3086615;3090114
3500;47;3012129;3015628
3500;48;3045178;3048677
3500;49;3053381;3056880
3600;0;3179960;3183559
3600;1;3253132;3256731
3600;2;3241537;3245136
3600;3;3206556;3210155
3600;4;3282528;3286127
3600;5;3228980;3232579
3600;6;3239142;3242741
3600;7;3253405;3257004
3600;8;3204215;3207814
3600;9;3262542;3266141
3600;10;3235503;3239102
3600;11;3259815;3263414
3600;12;3221233;3224832
3600;13;3239860;3243459
3600;14;3195930;3199529
3600;15;3263870;3267469
3600;16;3257328;3260927
3600;17;3282901;3286500
3600;18;3278381;3281980
3600;19;3265437;3269036
3600;20;3232382;3235981
3600;21;3206863;3210462
3600;22;3266508;3270107
3600;23;3294610;3298209
3600;24;3224298;3227897
3600;25;3272704;3276303
